45
47
49
45
47
49
111
112
110
113
117
109
44
114
118
115
119
47
49
121
125
123
127
109
124
128
44
37
43
41
39
37
43
41
39
131
132
130
155
159
129
40
156
160
157
161
42
41
43
39
163
167
165
169
129
166
170
36
133
140
134
141
129
40
42
40
42
135
142
136
143
43
137
144
129
138
145
147
151
129
40
40
148
152
149
153
61
51
59
57
53
55
61
51
59
57
53
55
61
51
59
57
53
55
177
178
172
179
174
180
176
61
51
59
57
53
55
177
178
172
179
174
180
176
189
193
173
190
194
191
195
74
80
76
78
197
206
198
207
199
208
79
61
200
209
75
55
201
210
53
202
211
77
59
203
212
173
204
213
50
61
51
59
57
53
55
61
51
59
57
53
55
61
51
59
57
53
55
177
178
172
179
174
180
176
215
232
216
233
173
217
234
218
235
60
60
60
56
56
56
56
56
56
56
56
56
56
56
56
219
236
220
237
229
246
60
60
60
56
56
56
56
56
56
56
56
221
238
222
239
223
240
67
224
241
69
225
242
63
226
243
65
227
244
71
228
245
229
246
56
56
56
56
221
238
222
239
223
240
67
224
241
69
225
242
63
226
243
65
227
244
71
228
245
229
246
230
247
181
185
173
58
58
58
182
186
184
188
